7157
1956
348
7124
3569
7422
7040
22059
4524
3091
11816
2064
2099
3586
351
6774
672
1636
3845
627
673
21898
7421
4318
29126
1401
367
9370
207
5243
4790
3553
1499
3123
5728
1029
21926
7099
6622
16847
5743
1080
4846
15978
4137
7015
155971
4609
3576
31271
1312
2475
5468
16846
6532
16153
999
3479
3106
16193
3952
596
21803
675
7852
12387
13405
3458
4780
3717
4193
2944
17874
18024
19373
3605
4313
23411
19211
59272
24088
595
20848
406991
11789
16653
5594
6347
5290
5054
20371
920
16835
3146
14102
5444
20423
1234
1026
216799
6647
4879
1493
19293
960
19016
332
7097
4851
11651
2146
472
19164
13051
16590
12367
2952
11820
4233
18126
2950
15251
6387
3105
31293
2147
16171
1813
24225
18033
18613
22339
2908
43740568
50943
10413
5133
6696
24835
114548
34009
1557
2153
3162
12064
3815
15975
3606
3119
120892
3383
1565
5970
3077
142
7515
13982
19122
2932
2100
93759
154
3135
5925
79068
16189
355
19374
3958
18128
18127
3565
3480
18508
7450
177
857
1432
335
33432
5979
19090
17345
183
56717
3688
12550
4582
23435
6714
51738
3630
3934
2706
4292
26416
64127
155871
20682
20674
5621
3690
6667
16176
836
9429
3417
21937
5879
14609
1906
4000
406938
16000
19225
17869
4153
6648
324
1543
172981
12578
14265
8626
3043
17395
20604
19013
338
1559
3791
4312
6531
4282
155030
1027
3725
5595
193034
3075
185
2332
406947
8743
59086
238
1576
5071
12772
4255
11622
2322
5747
6772
4288
3949
581
4869
3557
20296
387
26413
255738
5663
2033
1588
83785
17762
31251
4982
6331
15368
861
22152
12801
7276
3107
7490
13649
54658
5265
19
3320
7428
929
6934
12159
3082
1277
24494
217
2157
4204
17257
3757
20750
2247
2335
4843
8074
3064
54106
12575
3309
2697
31151
3552
81897
196
1471
20846
12010
5781
13058
18125
12389
20655
213
11475
16334
12842
951475
42737
4023
10891
3065
9518
19017
841
14580
24451
3039
5241
42034
1869
56637
15194
2321
282617
6790
6513
6657
7316
24498
3627
2068
3558
3356
26417
983
1071
4089
1815
90865
10
407040
25
29260
24599
4436
16392
5347
3265
56729
6352
5599
2263
5578
5888
2309
3953
4353
4170
11835
378938
29560
1577
81687
24600
8878
13162
1950
12638
4088
4314
29527
3481
2308
37455
21823
4988
7098
12393
4128
2067
682
16542
19697
12362
8842
7291
2152
19645
3486
1116
2260
15289
328
1786
650
3643
42313
8600
12028
10135
7132
1803
16412
37386
4763
718
7076
2261
5460
4968
175410
1756
19699
18999
20617
2305
11450
3784
24185
11200
12576
4018
15218
5329
203228
3315
21473
1387
19353
2778
13796
14103
11093
3596
12647
16183
7161
21943
11865
12307
56458
24482
2629
1191
7431
406937
26191
23405
1490
3117
14815
14281
356
12043
5027
796
18439
32083
77125
846
598
12478
12156
5111
4297
2896
17127
4210
156110
9365
5315
1457
26419
5806
2200
155348
1571
18008
860
24392
140919
1017
18053
18595
16177
7298
83810
14179
11545
1385
1586
3308
3084
2539
3620
1728
6280
15979
100124700
22601
24323
1268
8678
811
25608
6935
12266
6469
100507436
24770
958
283120
14415
24842
959
2521
6794
948
5465
20315
6615
5295
998
7057
314322
12912
18627
5021
648
12504
4323
1545
1788
302
1994
6285
12505
2885
4854
25664
20852
7052
2312
10673
2022
3559
11920
12443
24598
5580
4893
18566
57817
16173
2034
22943
5591
3667
16476
60489
72512
40009
18212
22337
331
3172
81649
80339
13813
83619
19264
12767
285
7189
23586
6662
25325
4160
354
7412
268
15894
24179
3956
7048
7153
13983
50689
110066
2056
7442
105787
5328
16160
6927
3593
14810
13489
14417
4904
18505
18390
3685
14526
81686
17196
21938
11186
3240
11540
17927
4613
4615
12977
116590
12491
1050
15452
6597
854976
26291
3600
41140
867
2155
7139
7430
14160
851752
84868
5371
44801
5156
14173
309757
24224
2212
8091
9314
3303
1958
7415
6323
4316
4792
2688
7128
42549
116519
7133
21939
2625
5894
16001
56718
12394
170743
6850
9021
16337
22348
567
81736
25125
7046
10631
1111
1589
540
11596
14083
5562
20528
14183
60533
11315
3689
6786
20997
1544
5159
31364
15376
5566
65018
5300
16333
2214
7253
1019
283131
24318
4049
2065
4087
7474
7424
16854
12981
12608
142980
6868
4627
33571
18509
545
3570
5950
133
13653
43740578
18646
55294
252995
22431
39753
12525
864
17390
174
11607
652
3066
3014
729230
6382
16168
406906
35540
17319
30590
54790
10855
405770
3312
2534
387173
21813
2638
17967
4035
24890
6598
10599
1789
5478
12487
12824
340061
25402
14056
11441
23621
10018
944566
63873
16591
50616
16002
406913
79001
5058
5053
64384
3329
135
6502
2289
7273
7077
820
14463
11829
25459
4683
5624
3375
2316
15567
2784
57765
16163
106759
50913
856831
7249
16409
2078
14268
4157
6462
41363
345
4363
84027
16452
5228
7137
9817
5340
103
18538
177343
7517
14182
30835
775
7528
4684
17311
18015
9212
35851
6401
216
3354888
6678
84353
23476
6403
43767
8314
59067
18787
17342
12558
35047
22227
12310
8651
20595
43222
7037
6093
768
24410
3767
1051
11848
7941
13433
4057
59301
22914
277328
24
18667
54209
2735
94025
3350
22352
23028
14130
11793
12322
33753
192119
361
74244
14360
1045
24180
39251
109648
801
25248
7534
54226
24310
2194
197
3418
847
2244
301
18609
7351
18091
1280
8542
56636
56484
14460
3932
4072
3456
19713
2492
22408
18145
13866
13555
3551
16819
7341
149233
20656
8289
81646
1977
2150
20850
20779
5428
1969
24329
21947
405785
18504
407021
18708
551
20186
22353
7295
7514
6464
3297
6275
10664
24887
22416
875
6720
12702
3661
898
22418
3115
212541
51284
7018
850504
11628
2113
1814
5172
2353
16150
1555
8829
11303
4311
2272
155
153
3674
2645
7172
2641
5610
852457
2149
12229
25464
5617
12125
558
4803
41066
891
604
58208
24413
1536
56532
1585
310738
6606
64930
18976
4973
4914
30269
856709
54250
947
50964
4221
16905
10320
8856
56339
22061
2243
50507
60
6279
5741
851415
2167
3566
14118
10013
613
2690
7508
2547
18596
5176
5770
1410
18424
407018
246778
12802
10273
358
6256
12479
4852
41709
407008
7345
12286
84876
18750
16190
14462
14799
12753
7045
125
17700
18018
4842
2670
23410
10059
25149
12606
20375
3673
13435
21869
5777
949
2162
83433
85480
3678
24316
12189
407006
17125
8517
1139
22259
19247
406935
15205
4691
10643
695
4771
7056
14127
7329
13612
3897
5310
29110
5327
14812
14714
19664
8862
2597
4595
17128
2852
2956
7150
5604
2158
4286
4625
1548
16416
20778
7520
50592
25937
2066
55384
3592
6591
16600
38168
4830
940
100048912
3579
17246
19130
1278
92140
8737
16159
5788
9332
28
12775
58991
20869
14165
24408
2876
4915
4976
2740
12477
2717
952
1535
3040
1030
27161
462
102
15977
12774
842
16414
7080
50873
108079
1508
42428
7535
81722
21923
4586
3575
7078
387140
684
42896
4804
406992
18753
12918
11555
856891
6778
16449
632
8837
51548
25293
4548
14955
3814
50557
1000
6376
41087
34881
100133941
3002
66824
24604
309165
50929
24617
56490
1494449
25054
71950
59341
18763
851520
1991
12006
7874
7486
3659
5294
5467
2006
13198
83516
14219
70008
1244
1147
3159
10399
42037
6288
1509
1524
5914
51561
21872
2130
246253
3371
2052
17969
249
13488
1113
3716
6776
12540
24330
211323
852295
5155
50490
6198
406952
796537
406985
12048
2904
4602
16196
20344
19015
5175
17126
8795
4322
14573
45307
5443
5579
659
2266
213742
155459
2159
13654
3939
182
16842
8202
4092
7042
42367
5654
64135
34924
5820
1025
13346
2833
8841
240
3169
37851
3925
13819
25939
18186
5727
2811
257632
10763
4907
1020
7113
3491
27178
5430
1021
14063
8877
11606
10419
38146
79923
15930
121278
5069
4653
23451
109880
12765
15378
16728
25404
35097
6928
17295
16175
32078
406986
7186
1048
12766
15170
3880
15461
18626
7494
773
6833
51741
3484
9927
7321
3574
3133
634
14828
3178
6885
4306
3439
8454
7158
21825
3611
14600
3684
4041
30981
47396
852088
17928
31310
246097
16971
4607
2934
20389
16878
12568
11491
15370
590
834
3485
13798
38389
51129
4878
37618
8945
2678
54210
12142
14254
10630
155807
317743
14652
81648
5335
11921
20525
1236
21817
20191
9575
22433
310553
19885
1437
36421
155945
3875
18129
6716
27185
16197
9978
16992
1489078
1673
2624
15139
5045
9839
1281
10397
12370
961
15234
4552
22228
54131
2719
17082
12519
546
16367
5268
2623
3190
2626
66725
3290
60582
6117
23821
9780
7337
214133
26423
9131
1806
16664
406996
852433
74006
6441
284
14804
18412
83430
60674
4747
350
3838
4067
16147
3973
3624
29219
9971
10155
9232
19766
850633
2776
6690
3397
2705
4361
10406
1394
57379
433759
25085
3276
24418
5515
468
2081
55600
5167
1269
24221
13614
855700
5901
12162
15945
100
25453
108071
1378
25712
3663
6010
855950
27250
6775
30955
3990
40287
89
15228
13388
18791
655
2017
12591
117273
11634
17129
29665
406971
1654
15902
21333
1812
12914
11806
18012
10062
855228
5292
406910
20963
17748
3358
488
17386
20692
5972
12843
2516
13857
38872
1540
2919
21833
17202
84557
25139
6925
406942
11516
58
9112
22084
6908
2023
467
6624
5919
8350
2120
851259
13385
7068
15550
6573
18671
9235
29477
943
3783750
6426
4734
9173
8826
5037
24241
24182
20787
1072
44505
17096
22034
5744
29595
2160
5581
22287
3164
29627
15511
8850
43193
36032
11911
1361
24786
15900
2
29197
11461
641
17702
19401
24409
9076
208
409
12703
710
11539
230899
80381
7010
21834
850803
216869
5376
6446
5590
319757
5829
116554
5627
22329
10628
25601
14811
17260
494324
326
5423
25723
7322
24680
14184
8989
35253
24248
7035
79728
12151
22371
3691
1435
24596
20698
26762
18049
308
34171
6390
975
22160
1436
5649
7503
12053
1294
7082
51176
578
25728
7323
11604
4853
25589
18747
18706
16362
3655
1591
11609
43275
406988
13075
1612
3965
1604
33418
17756
22417
6548
6683
20586
5725
4194
4352
2185
7416
1642
7054
8772
57007
7184
2057
16691
4254
5320
406928
17863
14824
32039
25400
947210
5742
14599
3572
4015
1500
55107
6777
18211
1649
22933
363875
54822
853568
26409
3099
12562
18208
20288
6364
24176
652995
5245
12166
7531
890
4317
8792
19246
283
12978
25302
10563
6500
13856
20849
11350
42757
6335
4162
4179
32080
991
13193
15460
9531
12273
20512
407035
78975
5196
16191
64805
9759
68943
706
11652
21838
406958
19224
31221
18792
112744
21812
2395
32813
74370
20416
8038
7019
727
10971
6007
855836
12288
2668
966
1915
5052
29128
15499
12494
2643
407029
7248
3313
13609
14972
10892
3654
100314000
1616
37247
3837
1672
16195
14800
230908
7070
56208
1634
1003
5573
23959
13645
688
5915
14613
55991
2169
2264
50721
3181
6530
33916
853167
43
57506
55000
6737
287362
57320
20249
727897
3676
8140
406932
2660
1910
406987
21687
7454
18754
2177
9636
2161
20614
6663
7369
24577
170574
25747
406907
25419
5020
10644
1028
7466
33569
186
19227
7439
6659
42446
852294
23327
24208
15183
51752
5978
2026
16438
8452
383
407004
2346
44920
20851
20190
50706
58234
170538
11689
407007
3662
3778
8742
26420
5311
21748
24473
14683
16184
5077
2324
12524
928
1978
387164
10544
3326
44448
855005
12018
4791
1356
115004
16331
21857
2902
2246
181748
14461
6688
11910
6422
22223
10381
855505
5551
4217
4864
7225
406934
3554
11168
20181
6653
18675
18429
12475
1861
21423
39173
83805
406933
40336
5144
14633
16364
13380
1514
24787
21808
59
55054
1981
6348
1621
13869
406984
6566
1489079
29393
29495
11924
25496
17286
4192
10524
850620
38654
246
1282
20807
1138
16423
1843
4287
5168
9968
8473
60505
5447
11938
6869
10133
406973
7100
25504
1832
50672
3852
20597
2923
13642
20343
1392
14964
856425
13666
855625
18227
24683
406950
19892
80781
7299
3664
20977
6890
855264
150
7014
6607
4261
43038
7039
14255
8549
4772
7507
7001
7471
11846
287287
4085
3976
15171
24873
3251
7020
1965
944821
20302
11082
174762
2237
16952
18591
904
1440
3832
406881
11925
12424
20203
919
7043
24514
6304
1594
4599
20683
84506
30538
13482
14175
2213
5354
408
50868
27086
5321
9
7166
1513
8408
5868
384783
374
24446
12
64654
43256
6616
3732
32256
16531
4544
64032
3920
18815
156
382
2621
851803
580
1901
23569
81
18205
6319
15182
624
20969
16818
18996
10257
22215
1660
26986
20613
22260
72961
21942
25718
854324
6556
380684
18131
7012
40975
509933
20202
14257
572
15186
406989
7173
25553
10642
11647
360
60628
1859
171023
406940
21336
24807
1558
234839
3482
20346
10392
7187
112400
8451
6863
3718
17868
56616
12577
780
7251
169026
12567
3291
1655
13018
6609
25240
3567
14169
79054
7448
11687
1839
653509
51206
81780
10111
9611
16172
29482
8660
7168
45328
12259
1462
2903
15185
11669
12363
23705
56644
406948
9582
6517
2810
16514
31607
8648
231
84062
13618
25614
855636
3938
6098
20273
11826
23657
24772
1785
12566
4040
2074
16852
35190
2548
29499
11444
1311
9475
19252
29290
2122
16956
6402
14062
1213
12411
387715
944569
21752
11423
12444
10919
39683
12921
1409
11657
1316
6929
5308
3206
14775
6528
25353
214763
407024
406911
6817
2879
6329
29340
51311
246779
6736
56338
17921
30612
22346
5079
8741
30009
78757
114332
405
9451
30061
5664
4585
16187
5170
1386
330
574411
13038
69146
328572
20866
7529
14432
173078
3122
97064
100506658
9368
7332
14465
9423
6654
852385
6649
3603
6311
3578
18762
6520
1489668
853529
2512
19106
942
3675
18783
5921
12677
57674
2296
15901
56335
3156
1909
25369
24954
406
20304
18171
1287
11132
19877
3184
20393
7942
3589
85363
21418
852822
280287
4929
79679
176282
13850
2166
34284
16149
43991
14726
6752
406936
476
855492
29184
1398
8312
6404
9474
118
27122
17210
574501
31165
701
11421
10371
5499
58191
2191
1012
208188
27035
25296
3785
7356
19696
8797
5445
19217
406982
13386
7409
4171
4283
24099
4583
8085
4359
538
7538
1460
11595
22288
10987
212712
406941
11009
5584
1482
13844
237038
10146
3351
53791
852702
17131
821
35225
1137
25386
80312
6418
214
64292
2215
5230
3992
18391
329
5524
24664
16401
5395
78943
54485
11156
9612
59109
8788
11977
13436
12675
72508
13030
3708
3811
4129
18736
3490
21345
855471
24232
18119
4925
55994
5598
10232
20265
54167
359
89780
912
83737
17289
855053
823
3856
22778
24166
170731
57142
126
13392
66853
6721
407015
5076
14682
7879
5451
407050
406983
637
947787
105675
5976
708
10657
4070
21802
110157
18019
22632
22068
81631
104360
27113
19219
664
25591
856862
30682
15216
2627
4155
12122
51094
894
1739
7297
2101
406931
42550
11770
4016
5587
27007
3428
2938
1445
16410
36878
3459
8291
29251
34413
4001
11487
7414
6506
100885851
24536
13490
20276
3304
2313
21929
4321
5244
12140
10015
20496
18746
3651
5906
9564
4208
14825
10461
1890
54583
18607
3921
110784
6103
7226
21809
2495
301289
7350
29131
4773
101772
2271
24335
17387
12399
2532
9966
18670
639
34982
6278
114851
2736
5293
4086
11799
259839
7296
972
71
5745
2524
2072
217166
6427
3783
20387
10395
4547
26585
3728
337
22926
941
7532
720
29108
23871
11704
7033
967
728
22139
4478
7827
3931
721
74499
190
58919
5618
6595
19109
1520
274
20198
36746
4176
238055
181263
2209
723848
9415
24414
855701
6337
2646
12355
24493
5426
14618
3577
55908
6559
57650
17304
43162
7364
8290
6584
35341
6356
851163
953
268973
2030
51196
140908
145264
54123
12402
6374
13039
18751
287526
1674
21414
11065
24888
8493
406903
25631
10801
3346149
17829
14939
8398
19701
5008
302668
22861
21380
17283
6272
15483
12289
9447
2739
203068
58959
375
1136
3416
3683
112476
18035
28240
2875
10000
3192
931
3959
4017
25086
317
2358
22035
12317
4522
1760
7913
25163
17523
7498
18761
5726
39454
14066
7980
1235
7031
79577
14131
5657
12985
7408
54323
116562
10410
24516
18294
7220
995
56606
80332
3205
24247
3762
8644
23314
30262
64383
29102
53859
55636
12062
110006
7465
22324
8863
22295
13106
362
19712
36054
406921
21780
407010
24511
26408
24239
11554
25742
6361
1399
23532
7272
78968
1289
23468
7399
2798
20657
855819
10499
852639
116553
3902
18764
7352
11830
11419
6590
406995
24806
5771
1131
18386
1491938
1742
33627
13138
2737
1734
29715
25467
5734
3609
13805
29851
2168
76854
1487
24602
6351
52463
11576
16181
3183
59027
2202
5903
2348
21425
4487
5291
25942
4841
26357
2050
13179
7706
4486
7094
25026
18187
629
10365
3060
290
5588
1647
51280
39744
24326
19261
215
18160
4855
14394
6722
10280
83571
20511
17101
4277
2002
6362
944568
4256
840
84482
16658
24952
18793
31792
2746
389421
6095
25105
244667
850585
1081
28996
100102
7096
4928
2693
341
8766
19228
12359
312896
1829
99982
214162
91752
12374
24145
5601
1719
36057
18213
5209
9588
1374
854156
6891
6392
2175
2170
406976
15903
81683
12759
3827
40090
10551
1441
851811
25522
3280
346389
24628
16151
16403
856236
53603
116
8864
6741
10075
625249
851810
12096
856085
851456
16202
23988
25625
5034
17886
8061
6473
2303
6421
12097
8000
79727
20339
11035
216343
6510
7334
855328
7846
20390
8434
18383
1364
20264
3170
19698
94
825
3073
3488
10481
3918
3623
1118
18707
22062
20979
5154
563
18752
176
110355
7292
25716
87
66026
170770
7067
19878
6283
5339
13131
25303
406979
36544
90
10984
854198
15560
7314
4751
19116
12534
289023
3861
6439
4345
110454
21934
13799
574456
4926
9353
14678
5009
14256
5764
8200
3772082
16408
39564
19317
6761
15530
12215
54393
14406
3339
109689
25012
3145
6773
9049
406893
22376
116470
57447
856478
4916
852190
25385
712
74568
1459
5817
8607
17392
6197
24426
178104
6915
1871
3055
29373
406900
57016
6580
16198
16485
15568
1736
22406
410
19091
12955
6613
653361
54901
18479
945571
24211
2010
16973
855936
17000
14466
24391
5710
7317
4149
22330
8647
210
862
17750
7170
9619
8771
18507
29072
117029
993
1489680
3704
8405
11827
336
10859
4868
7468
946614
1755
5062
22695
977
74143
39833
6121
6041
6326
4267
19165
41094
22138
9641
